; FBX 6.1.0 project file
; ----------------------------------------------------

FBXHeaderExtension:  {
	FBXHeaderVersion: 1003
	FBXVersion: 6100
}
CreationTime: "2021-12-23 20:55:47:000"

; Object definitions
;------------------------------------------------------------------

Definitions:  {
	Version: 100
	Count: 69
	ObjectType: "Model" {
		Count: 68
	}
	ObjectType: "Geometry" {
		Count: 0
	}
	ObjectType: "Pose" {
		Count: 1
	}
	ObjectType: "GlobalSettings" {
		Count: 1
	}
}

; Object properties
;------------------------------------------------------------------

Objects:  {
	Model: "Model::Retargeters", "Null" {
		Version: 232
		Properties60:  {
			Property: "QuaternionInterpolate", "bool", "",0
			Property: "Lcl Translation", "Lcl Translation", "A+",0.0000,0.0000,0.0000
			Property: "Lcl Rotation", "Lcl Rotation", "A+",0.0000,-0.0000,0.0000
			Property: "Lcl Scaling", "Lcl Scaling", "A+",1.0,1.0,1.0
		}
		MultiLayer: 0
		MultiTake: 1
		Shading: Y
		Culling: "CullingOff"
		TypeFlags: "Null"
	}
	Model: "Model::LeftHandIK", "Null" {
		Version: 232
		Properties60:  {
			Property: "QuaternionInterpolate", "bool", "",0
			Property: "Lcl Translation", "Lcl Translation", "A+",0.0000,0.0000,0.0000
			Property: "Lcl Rotation", "Lcl Rotation", "A+",0.0000,-0.0000,0.0000
			Property: "Lcl Scaling", "Lcl Scaling", "A+",1.0,1.0,1.0
		}
		MultiLayer: 0
		MultiTake: 1
		Shading: Y
		Culling: "CullingOff"
		TypeFlags: "Null"
	}
	Model: "Model::LeftHandProp", "Null" {
		Version: 232
		Properties60:  {
			Property: "QuaternionInterpolate", "bool", "",0
			Property: "Lcl Translation", "Lcl Translation", "A+",0.0000,0.0000,-0.0000
			Property: "Lcl Rotation", "Lcl Rotation", "A+",0.0000,0.0000,-0.0000
			Property: "Lcl Scaling", "Lcl Scaling", "A+",1.0,1.0,1.0
		}
		MultiLayer: 0
		MultiTake: 1
		Shading: Y
		Culling: "CullingOff"
		TypeFlags: "Null"
	}
	Model: "Model::RightHandIK", "Null" {
		Version: 232
		Properties60:  {
			Property: "QuaternionInterpolate", "bool", "",0
			Property: "Lcl Translation", "Lcl Translation", "A+",0.0000,0.0000,0.0000
			Property: "Lcl Rotation", "Lcl Rotation", "A+",0.0000,-0.0000,0.0000
			Property: "Lcl Scaling", "Lcl Scaling", "A+",1.0,1.0,1.0
		}
		MultiLayer: 0
		MultiTake: 1
		Shading: Y
		Culling: "CullingOff"
		TypeFlags: "Null"
	}
	Model: "Model::RightHandProp", "Null" {
		Version: 232
		Properties60:  {
			Property: "QuaternionInterpolate", "bool", "",0
			Property: "Lcl Translation", "Lcl Translation", "A+",0.0000,0.0000,-0.0000
			Property: "Lcl Rotation", "Lcl Rotation", "A+",-0.0000,0.0000,-0.0000
			Property: "Lcl Scaling", "Lcl Scaling", "A+",1.0,1.0,1.0
		}
		MultiLayer: 0
		MultiTake: 1
		Shading: Y
		Culling: "CullingOff"
		TypeFlags: "Null"
	}
	Model: "Model::DummyRig", "Limb" {
		Version: 232
		Properties60:  {
			Property: "QuaternionInterpolate", "bool", "",0
			Property: "Lcl Translation", "Lcl Translation", "A+",0.0000,0.0000,-0.0000
			Property: "Lcl Rotation", "Lcl Rotation", "A+",0.0000,-0.0000,0.0000
			Property: "Lcl Scaling", "Lcl Scaling", "A+",1.0,1.0,1.0
		}
		MultiLayer: 0
		MultiTake: 1
		Shading: Y
		Culling: "CullingOff"
		TypeFlags: "Skeleton"
	}
	Model: "Model::root", "Limb" {
		Version: 232
		Properties60:  {
			Property: "QuaternionInterpolate", "bool", "",0
			Property: "Lcl Translation", "Lcl Translation", "A+",0.0000,0.0000,0.0000
			Property: "Lcl Rotation", "Lcl Rotation", "A+",-90.0000,90.0000,0.0000
			Property: "Lcl Scaling", "Lcl Scaling", "A+",1.0,1.0,1.0
		}
		MultiLayer: 0
		MultiTake: 1
		Shading: Y
		Culling: "CullingOff"
		TypeFlags: "Skeleton"
	}
	Model: "Model::B-hips", "Limb" {
		Version: 232
		Properties60:  {
			Property: "QuaternionInterpolate", "bool", "",0
			Property: "Lcl Translation", "Lcl Translation", "A+",4.3740,0.0000,88.7619
			Property: "Lcl Rotation", "Lcl Rotation", "A+",0.0000,-91.4666,-0.0000
			Property: "Lcl Scaling", "Lcl Scaling", "A+",1.0,1.0,1.0
		}
		MultiLayer: 0
		MultiTake: 1
		Shading: Y
		Culling: "CullingOff"
		TypeFlags: "Skeleton"
	}
	Model: "Model::B-spine", "Limb" {
		Version: 232
		Properties60:  {
			Property: "QuaternionInterpolate", "bool", "",0
			Property: "Lcl Translation", "Lcl Translation", "A+",17.9914,0.0000,0.0000
			Property: "Lcl Rotation", "Lcl Rotation", "A+",0.0000,-4.2118,-0.0000
			Property: "Lcl Scaling", "Lcl Scaling", "A+",1.0,1.0,1.0
		}
		MultiLayer: 0
		MultiTake: 1
		Shading: Y
		Culling: "CullingOff"
		TypeFlags: "Skeleton"
	}
	Model: "Model::B-chest", "Limb" {
		Version: 232
		Properties60:  {
			Property: "QuaternionInterpolate", "bool", "",0
			Property: "Lcl Translation", "Lcl Translation", "A+",15.0474,0.0000,-0.0000
			Property: "Lcl Rotation", "Lcl Rotation", "A+",-0.0000,11.2301,-0.0000
			Property: "Lcl Scaling", "Lcl Scaling", "A+",1.0,1.0,1.0
		}
		MultiLayer: 0
		MultiTake: 1
		Shading: Y
		Culling: "CullingOff"
		TypeFlags: "Skeleton"
	}
	Model: "Model::B-upperChest", "Limb" {
		Version: 232
		Properties60:  {
			Property: "QuaternionInterpolate", "bool", "",0
			Property: "Lcl Translation", "Lcl Translation", "A+",14.2528,0.0000,-0.0000
			Property: "Lcl Rotation", "Lcl Rotation", "A+",0.0000,-3.7165,-0.0000
			Property: "Lcl Scaling", "Lcl Scaling", "A+",1.0,1.0,1.0
		}
		MultiLayer: 0
		MultiTake: 1
		Shading: Y
		Culling: "CullingOff"
		TypeFlags: "Skeleton"
	}
	Model: "Model::B-neck", "Limb" {
		Version: 232
		Properties60:  {
			Property: "QuaternionInterpolate", "bool", "",0
			Property: "Lcl Translation", "Lcl Translation", "A+",20.8277,0.0000,0.0000
			Property: "Lcl Rotation", "Lcl Rotation", "A+",0.0000,-12.1205,-0.0000
			Property: "Lcl Scaling", "Lcl Scaling", "A+",1.0,1.0,1.0
		}
		MultiLayer: 0
		MultiTake: 1
		Shading: Y
		Culling: "CullingOff"
		TypeFlags: "Skeleton"
	}
	Model: "Model::B-head", "Limb" {
		Version: 232
		Properties60:  {
			Property: "QuaternionInterpolate", "bool", "",0
			Property: "Lcl Translation", "Lcl Translation", "A+",6.8133,0.0000,0.0000
			Property: "Lcl Rotation", "Lcl Rotation", "A+",-0.0000,7.1528,-0.0000
			Property: "Lcl Scaling", "Lcl Scaling", "A+",1.0,1.0,1.0
		}
		MultiLayer: 0
		MultiTake: 1
		Shading: Y
		Culling: "CullingOff"
		TypeFlags: "Skeleton"
	}
	Model: "Model::B-jaw", "Limb" {
		Version: 232
		Properties60:  {
			Property: "QuaternionInterpolate", "bool", "",0
			Property: "Lcl Translation", "Lcl Translation", "A+",0.0002,0.0000,-0.0000
			Property: "Lcl Rotation", "Lcl Rotation", "A+",-0.0000,-102.5159,0.0000
			Property: "Lcl Scaling", "Lcl Scaling", "A+",1.0,1.0,1.0
		}
		MultiLayer: 0
		MultiTake: 1
		Shading: Y
		Culling: "CullingOff"
		TypeFlags: "Skeleton"
	}
	Model: "Model::B-shoulder.L", "Limb" {
		Version: 232
		Properties60:  {
			Property: "QuaternionInterpolate", "bool", "",0
			Property: "Lcl Translation", "Lcl Translation", "A+",20.8277,0.0000,0.0000
			Property: "Lcl Rotation", "Lcl Rotation", "A+",-89.8117,10.9980,-98.6544
			Property: "Lcl Scaling", "Lcl Scaling", "A+",1.0,1.0,1.0
		}
		MultiLayer: 0
		MultiTake: 1
		Shading: Y
		Culling: "CullingOff"
		TypeFlags: "Skeleton"
	}
	Model: "Model::B-upper_arm.L", "Limb" {
		Version: 232
		Properties60:  {
			Property: "QuaternionInterpolate", "bool", "",0
			Property: "Lcl Translation", "Lcl Translation", "A+",18.0177,-0.1919,-6.8856
			Property: "Lcl Rotation", "Lcl Rotation", "A+",88.8922,5.5102,-4.6510
			Property: "Lcl Scaling", "Lcl Scaling", "A+",1.0,1.0,1.0
		}
		MultiLayer: 0
		MultiTake: 1
		Shading: Y
		Culling: "CullingOff"
		TypeFlags: "Skeleton"
	}
	Model: "Model::B-forearm.L", "Limb" {
		Version: 232
		Properties60:  {
			Property: "QuaternionInterpolate", "bool", "",0
			Property: "Lcl Translation", "Lcl Translation", "A+",25.3489,0.0000,-0.0000
			Property: "Lcl Rotation", "Lcl Rotation", "A+",3.2823,-25.6250,-0.1732
			Property: "Lcl Scaling", "Lcl Scaling", "A+",1.0,1.0,1.0
		}
		MultiLayer: 0
		MultiTake: 1
		Shading: Y
		Culling: "CullingOff"
		TypeFlags: "Skeleton"
	}
	Model: "Model::B-hand.L", "Limb" {
		Version: 232
		Properties60:  {
			Property: "QuaternionInterpolate", "bool", "",0
			Property: "Lcl Translation", "Lcl Translation", "A+",28.1386,0.0000,0.0000
			Property: "Lcl Rotation", "Lcl Rotation", "A+",88.7955,-4.3346,4.2134
			Property: "Lcl Scaling", "Lcl Scaling", "A+",1.0,1.0,1.0
		}
		MultiLayer: 0
		MultiTake: 1
		Shading: Y
		Culling: "CullingOff"
		TypeFlags: "Skeleton"
	}
	Model: "Model::B-palm_01.L", "Limb" {
		Version: 232
		Properties60:  {
			Property: "QuaternionInterpolate", "bool", "",0
			Property: "Lcl Translation", "Lcl Translation", "A+",7.2651,3.4976,0.4066
			Property: "Lcl Rotation", "Lcl Rotation", "A+",-1.1288,-4.5565,2.1652
			Property: "Lcl Scaling", "Lcl Scaling", "A+",1.0,1.0,1.0
		}
		MultiLayer: 0
		MultiTake: 1
		Shading: Y
		Culling: "CullingOff"
		TypeFlags: "Skeleton"
	}
	Model: "Model::B-f_index_01.L", "Limb" {
		Version: 232
		Properties60:  {
			Property: "QuaternionInterpolate", "bool", "",0
			Property: "Lcl Translation", "Lcl Translation", "A+",6.9056,-0.0000,0.0000
			Property: "Lcl Rotation", "Lcl Rotation", "A+",0.1892,-1.8058,-1.0599
			Property: "Lcl Scaling", "Lcl Scaling", "A+",1.0,1.0,1.0
		}
		MultiLayer: 0
		MultiTake: 1
		Shading: Y
		Culling: "CullingOff"
		TypeFlags: "Skeleton"
	}
	Model: "Model::B-f_index_02.L", "Limb" {
		Version: 232
		Properties60:  {
			Property: "QuaternionInterpolate", "bool", "",0
			Property: "Lcl Translation", "Lcl Translation", "A+",4.2800,-0.0000,-0.0000
			Property: "Lcl Rotation", "Lcl Rotation", "A+",-0.2936,-0.0004,-0.0000
			Property: "Lcl Scaling", "Lcl Scaling", "A+",1.0,1.0,1.0
		}
		MultiLayer: 0
		MultiTake: 1
		Shading: Y
		Culling: "CullingOff"
		TypeFlags: "Skeleton"
	}
	Model: "Model::B-f_index_03.L", "Limb" {
		Version: 232
		Properties60:  {
			Property: "QuaternionInterpolate", "bool", "",0
			Property: "Lcl Translation", "Lcl Translation", "A+",3.7282,0.0000,-0.0000
			Property: "Lcl Rotation", "Lcl Rotation", "A+",0.8497,3.3904,1.3440
			Property: "Lcl Scaling", "Lcl Scaling", "A+",1.0,1.0,1.0
		}
		MultiLayer: 0
		MultiTake: 1
		Shading: Y
		Culling: "CullingOff"
		TypeFlags: "Skeleton"
	}
	Model: "Model::B-thumb_01.L", "Limb" {
		Version: 232
		Properties60:  {
			Property: "QuaternionInterpolate", "bool", "",0
			Property: "Lcl Translation", "Lcl Translation", "A+",-3.4066,-0.9699,0.7433
			Property: "Lcl Rotation", "Lcl Rotation", "A+",75.0437,-19.2394,58.0166
			Property: "Lcl Scaling", "Lcl Scaling", "A+",1.0,1.0,1.0
		}
		MultiLayer: 0
		MultiTake: 1
		Shading: Y
		Culling: "CullingOff"
		TypeFlags: "Skeleton"
	}
	Model: "Model::B-thumb_02.L", "Limb" {
		Version: 232
		Properties60:  {
			Property: "QuaternionInterpolate", "bool", "",0
			Property: "Lcl Translation", "Lcl Translation", "A+",5.7354,0.0000,-0.0000
			Property: "Lcl Rotation", "Lcl Rotation", "A+",-38.1187,11.5589,8.7665
			Property: "Lcl Scaling", "Lcl Scaling", "A+",1.0,1.0,1.0
		}
		MultiLayer: 0
		MultiTake: 1
		Shading: Y
		Culling: "CullingOff"
		TypeFlags: "Skeleton"
	}
	Model: "Model::B-thumb_03.L", "Limb" {
		Version: 232
		Properties60:  {
			Property: "QuaternionInterpolate", "bool", "",0
			Property: "Lcl Translation", "Lcl Translation", "A+",4.7159,-0.0000,-0.0000
			Property: "Lcl Rotation", "Lcl Rotation", "A+",1.5866,4.1387,-0.0584
			Property: "Lcl Scaling", "Lcl Scaling", "A+",1.0,1.0,1.0
		}
		MultiLayer: 0
		MultiTake: 1
		Shading: Y
		Culling: "CullingOff"
		TypeFlags: "Skeleton"
	}
	Model: "Model::B-palm_02.L", "Limb" {
		Version: 232
		Properties60:  {
			Property: "QuaternionInterpolate", "bool", "",0
			Property: "Lcl Translation", "Lcl Translation", "A+",7.5842,1.2559,-0.3768
			Property: "Lcl Rotation", "Lcl Rotation", "A+",1.1186,-5.7814,-6.3193
			Property: "Lcl Scaling", "Lcl Scaling", "A+",1.0,1.0,1.0
		}
		MultiLayer: 0
		MultiTake: 1
		Shading: Y
		Culling: "CullingOff"
		TypeFlags: "Skeleton"
	}
	Model: "Model::B-f_middle_01.L", "Limb" {
		Version: 232
		Properties60:  {
			Property: "QuaternionInterpolate", "bool", "",0
			Property: "Lcl Translation", "Lcl Translation", "A+",6.4464,0.0000,-0.0000
			Property: "Lcl Rotation", "Lcl Rotation", "A+",0.3956,2.0424,-2.6367
			Property: "Lcl Scaling", "Lcl Scaling", "A+",1.0,1.0,1.0
		}
		MultiLayer: 0
		MultiTake: 1
		Shading: Y
		Culling: "CullingOff"
		TypeFlags: "Skeleton"
	}
	Model: "Model::B-f_middle_02.L", "Limb" {
		Version: 232
		Properties60:  {
			Property: "QuaternionInterpolate", "bool", "",0
			Property: "Lcl Translation", "Lcl Translation", "A+",4.4800,0.0000,0.0000
			Property: "Lcl Rotation", "Lcl Rotation", "A+",0.0380,0.0001,0.0001
			Property: "Lcl Scaling", "Lcl Scaling", "A+",1.0,1.0,1.0
		}
		MultiLayer: 0
		MultiTake: 1
		Shading: Y
		Culling: "CullingOff"
		TypeFlags: "Skeleton"
	}
	Model: "Model::B-f_middle_03.L", "Limb" {
		Version: 232
		Properties60:  {
			Property: "QuaternionInterpolate", "bool", "",0
			Property: "Lcl Translation", "Lcl Translation", "A+",3.9024,0.0000,0.0000
			Property: "Lcl Rotation", "Lcl Rotation", "A+",0.3134,3.4570,1.0354
			Property: "Lcl Scaling", "Lcl Scaling", "A+",1.0,1.0,1.0
		}
		MultiLayer: 0
		MultiTake: 1
		Shading: Y
		Culling: "CullingOff"
		TypeFlags: "Skeleton"
	}
	Model: "Model::B-palm_03.L", "Limb" {
		Version: 232
		Properties60:  {
			Property: "QuaternionInterpolate", "bool", "",0
			Property: "Lcl Translation", "Lcl Translation", "A+",6.9541,-1.2301,-1.0943
			Property: "Lcl Rotation", "Lcl Rotation", "A+",-8.8099,-8.9001,-10.8610
			Property: "Lcl Scaling", "Lcl Scaling", "A+",1.0,1.0,1.0
		}
		MultiLayer: 0
		MultiTake: 1
		Shading: Y
		Culling: "CullingOff"
		TypeFlags: "Skeleton"
	}
	Model: "Model::B-f_ring_01.L", "Limb" {
		Version: 232
		Properties60:  {
			Property: "QuaternionInterpolate", "bool", "",0
			Property: "Lcl Translation", "Lcl Translation", "A+",6.3748,-0.0000,0.0000
			Property: "Lcl Rotation", "Lcl Rotation", "A+",7.7216,2.9305,-9.6537
			Property: "Lcl Scaling", "Lcl Scaling", "A+",1.0,1.0,1.0
		}
		MultiLayer: 0
		MultiTake: 1
		Shading: Y
		Culling: "CullingOff"
		TypeFlags: "Skeleton"
	}
	Model: "Model::B-f_ring_02.L", "Limb" {
		Version: 232
		Properties60:  {
			Property: "QuaternionInterpolate", "bool", "",0
			Property: "Lcl Translation", "Lcl Translation", "A+",4.2007,-0.0000,-0.0000
			Property: "Lcl Rotation", "Lcl Rotation", "A+",0.2216,0.0001,-0.0002
			Property: "Lcl Scaling", "Lcl Scaling", "A+",1.0,1.0,1.0
		}
		MultiLayer: 0
		MultiTake: 1
		Shading: Y
		Culling: "CullingOff"
		TypeFlags: "Skeleton"
	}
	Model: "Model::B-f_ring_03.L", "Limb" {
		Version: 232
		Properties60:  {
			Property: "QuaternionInterpolate", "bool", "",0
			Property: "Lcl Translation", "Lcl Translation", "A+",3.6591,0.0000,0.0000
			Property: "Lcl Rotation", "Lcl Rotation", "A+",0.9716,3.5013,1.0393
			Property: "Lcl Scaling", "Lcl Scaling", "A+",1.0,1.0,1.0
		}
		MultiLayer: 0
		MultiTake: 1
		Shading: Y
		Culling: "CullingOff"
		TypeFlags: "Skeleton"
	}
	Model: "Model::B-palm_04.L", "Limb" {
		Version: 232
		Properties60:  {
			Property: "QuaternionInterpolate", "bool", "",0
			Property: "Lcl Translation", "Lcl Translation", "A+",6.1825,-3.1491,-1.1929
			Property: "Lcl Rotation", "Lcl Rotation", "A+",0.8073,-8.3537,-19.4210
			Property: "Lcl Scaling", "Lcl Scaling", "A+",1.0,1.0,1.0
		}
		MultiLayer: 0
		MultiTake: 1
		Shading: Y
		Culling: "CullingOff"
		TypeFlags: "Skeleton"
	}
	Model: "Model::B-f_pinky_01.L", "Limb" {
		Version: 232
		Properties60:  {
			Property: "QuaternionInterpolate", "bool", "",0
			Property: "Lcl Translation", "Lcl Translation", "A+",5.9851,0.0000,-0.0000
			Property: "Lcl Rotation", "Lcl Rotation", "A+",-5.4618,-3.9113,-11.4215
			Property: "Lcl Scaling", "Lcl Scaling", "A+",1.0,1.0,1.0
		}
		MultiLayer: 0
		MultiTake: 1
		Shading: Y
		Culling: "CullingOff"
		TypeFlags: "Skeleton"
	}
	Model: "Model::B-f_pinky_02.L", "Limb" {
		Version: 232
		Properties60:  {
			Property: "QuaternionInterpolate", "bool", "",0
			Property: "Lcl Translation", "Lcl Translation", "A+",3.2778,0.0000,0.0000
			Property: "Lcl Rotation", "Lcl Rotation", "A+",-0.0025,-0.0006,-0.0000
			Property: "Lcl Scaling", "Lcl Scaling", "A+",1.0,1.0,1.0
		}
		MultiLayer: 0
		MultiTake: 1
		Shading: Y
		Culling: "CullingOff"
		TypeFlags: "Skeleton"
	}
	Model: "Model::B-f_pinky_03.L", "Limb" {
		Version: 232
		Properties60:  {
			Property: "QuaternionInterpolate", "bool", "",0
			Property: "Lcl Translation", "Lcl Translation", "A+",2.8552,0.0000,0.0000
			Property: "Lcl Rotation", "Lcl Rotation", "A+",1.8924,4.4180,1.4889
			Property: "Lcl Scaling", "Lcl Scaling", "A+",1.0,1.0,1.0
		}
		MultiLayer: 0
		MultiTake: 1
		Shading: Y
		Culling: "CullingOff"
		TypeFlags: "Skeleton"
	}
	Model: "Model::B-shoulder.R", "Limb" {
		Version: 232
		Properties60:  {
			Property: "QuaternionInterpolate", "bool", "",0
			Property: "Lcl Translation", "Lcl Translation", "A+",20.8277,0.0000,0.0000
			Property: "Lcl Rotation", "Lcl Rotation", "A+",89.8117,10.9980,98.6544
			Property: "Lcl Scaling", "Lcl Scaling", "A+",1.0,1.0,1.0
		}
		MultiLayer: 0
		MultiTake: 1
		Shading: Y
		Culling: "CullingOff"
		TypeFlags: "Skeleton"
	}
	Model: "Model::B-upper_arm.R", "Limb" {
		Version: 232
		Properties60:  {
			Property: "QuaternionInterpolate", "bool", "",0
			Property: "Lcl Translation", "Lcl Translation", "A+",18.0177,0.1919,-6.8857
			Property: "Lcl Rotation", "Lcl Rotation", "A+",-88.8922,5.5102,4.6510
			Property: "Lcl Scaling", "Lcl Scaling", "A+",1.0,1.0,1.0
		}
		MultiLayer: 0
		MultiTake: 1
		Shading: Y
		Culling: "CullingOff"
		TypeFlags: "Skeleton"
	}
	Model: "Model::B-forearm.R", "Limb" {
		Version: 232
		Properties60:  {
			Property: "QuaternionInterpolate", "bool", "",0
			Property: "Lcl Translation", "Lcl Translation", "A+",25.3489,0.0000,0.0000
			Property: "Lcl Rotation", "Lcl Rotation", "A+",-3.2823,-25.6250,0.1732
			Property: "Lcl Scaling", "Lcl Scaling", "A+",1.0,1.0,1.0
		}
		MultiLayer: 0
		MultiTake: 1
		Shading: Y
		Culling: "CullingOff"
		TypeFlags: "Skeleton"
	}
	Model: "Model::B-hand.R", "Limb" {
		Version: 232
		Properties60:  {
			Property: "QuaternionInterpolate", "bool", "",0
			Property: "Lcl Translation", "Lcl Translation", "A+",28.1386,0.0000,0.0000
			Property: "Lcl Rotation", "Lcl Rotation", "A+",-88.7955,-4.3346,-4.2133
			Property: "Lcl Scaling", "Lcl Scaling", "A+",1.0,1.0,1.0
		}
		MultiLayer: 0
		MultiTake: 1
		Shading: Y
		Culling: "CullingOff"
		TypeFlags: "Skeleton"
	}
	Model: "Model::B-palm_01.R", "Limb" {
		Version: 232
		Properties60:  {
			Property: "QuaternionInterpolate", "bool", "",0
			Property: "Lcl Translation", "Lcl Translation", "A+",7.2651,-3.4976,0.4066
			Property: "Lcl Rotation", "Lcl Rotation", "A+",1.1288,-4.5565,-2.1652
			Property: "Lcl Scaling", "Lcl Scaling", "A+",1.0,1.0,1.0
		}
		MultiLayer: 0
		MultiTake: 1
		Shading: Y
		Culling: "CullingOff"
		TypeFlags: "Skeleton"
	}
	Model: "Model::B-f_index_01.R", "Limb" {
		Version: 232
		Properties60:  {
			Property: "QuaternionInterpolate", "bool", "",0
			Property: "Lcl Translation", "Lcl Translation", "A+",6.9056,0.0000,0.0000
			Property: "Lcl Rotation", "Lcl Rotation", "A+",-0.1892,-1.8058,1.0599
			Property: "Lcl Scaling", "Lcl Scaling", "A+",1.0,1.0,1.0
		}
		MultiLayer: 0
		MultiTake: 1
		Shading: Y
		Culling: "CullingOff"
		TypeFlags: "Skeleton"
	}
	Model: "Model::B-f_index_02.R", "Limb" {
		Version: 232
		Properties60:  {
			Property: "QuaternionInterpolate", "bool", "",0
			Property: "Lcl Translation", "Lcl Translation", "A+",4.2800,0.0000,0.0000
			Property: "Lcl Rotation", "Lcl Rotation", "A+",0.2936,-0.0004,0.0000
			Property: "Lcl Scaling", "Lcl Scaling", "A+",1.0,1.0,1.0
		}
		MultiLayer: 0
		MultiTake: 1
		Shading: Y
		Culling: "CullingOff"
		TypeFlags: "Skeleton"
	}
	Model: "Model::B-f_index_03.R", "Limb" {
		Version: 232
		Properties60:  {
			Property: "QuaternionInterpolate", "bool", "",0
			Property: "Lcl Translation", "Lcl Translation", "A+",3.7282,0.0000,0.0000
			Property: "Lcl Rotation", "Lcl Rotation", "A+",-0.8497,3.3904,-1.3440
			Property: "Lcl Scaling", "Lcl Scaling", "A+",1.0,1.0,1.0
		}
		MultiLayer: 0
		MultiTake: 1
		Shading: Y
		Culling: "CullingOff"
		TypeFlags: "Skeleton"
	}
	Model: "Model::B-thumb_01.R", "Limb" {
		Version: 232
		Properties60:  {
			Property: "QuaternionInterpolate", "bool", "",0
			Property: "Lcl Translation", "Lcl Translation", "A+",-3.4066,0.9699,0.7433
			Property: "Lcl Rotation", "Lcl Rotation", "A+",-75.0437,-19.2394,-58.0166
			Property: "Lcl Scaling", "Lcl Scaling", "A+",1.0,1.0,1.0
		}
		MultiLayer: 0
		MultiTake: 1
		Shading: Y
		Culling: "CullingOff"
		TypeFlags: "Skeleton"
	}
	Model: "Model::B-thumb_02.R", "Limb" {
		Version: 232
		Properties60:  {
			Property: "QuaternionInterpolate", "bool", "",0
			Property: "Lcl Translation", "Lcl Translation", "A+",5.7354,-0.0000,-0.0000
			Property: "Lcl Rotation", "Lcl Rotation", "A+",38.1187,11.5589,-8.7665
			Property: "Lcl Scaling", "Lcl Scaling", "A+",1.0,1.0,1.0
		}
		MultiLayer: 0
		MultiTake: 1
		Shading: Y
		Culling: "CullingOff"
		TypeFlags: "Skeleton"
	}
	Model: "Model::B-thumb_03.R", "Limb" {
		Version: 232
		Properties60:  {
			Property: "QuaternionInterpolate", "bool", "",0
			Property: "Lcl Translation", "Lcl Translation", "A+",4.7159,0.0000,-0.0000
			Property: "Lcl Rotation", "Lcl Rotation", "A+",-1.5866,4.1387,0.0584
			Property: "Lcl Scaling", "Lcl Scaling", "A+",1.0,1.0,1.0
		}
		MultiLayer: 0
		MultiTake: 1
		Shading: Y
		Culling: "CullingOff"
		TypeFlags: "Skeleton"
	}
	Model: "Model::B-palm_02.R", "Limb" {
		Version: 232
		Properties60:  {
			Property: "QuaternionInterpolate", "bool", "",0
			Property: "Lcl Translation", "Lcl Translation", "A+",7.5842,-1.2559,-0.3768
			Property: "Lcl Rotation", "Lcl Rotation", "A+",-1.1186,-5.7814,6.3193
			Property: "Lcl Scaling", "Lcl Scaling", "A+",1.0,1.0,1.0
		}
		MultiLayer: 0
		MultiTake: 1
		Shading: Y
		Culling: "CullingOff"
		TypeFlags: "Skeleton"
	}
	Model: "Model::B-f_middle_01.R", "Limb" {
		Version: 232
		Properties60:  {
			Property: "QuaternionInterpolate", "bool", "",0
			Property: "Lcl Translation", "Lcl Translation", "A+",6.4464,0.0000,-0.0000
			Property: "Lcl Rotation", "Lcl Rotation", "A+",-0.3956,2.0424,2.6367
			Property: "Lcl Scaling", "Lcl Scaling", "A+",1.0,1.0,1.0
		}
		MultiLayer: 0
		MultiTake: 1
		Shading: Y
		Culling: "CullingOff"
		TypeFlags: "Skeleton"
	}
	Model: "Model::B-f_middle_02.R", "Limb" {
		Version: 232
		Properties60:  {
			Property: "QuaternionInterpolate", "bool", "",0
			Property: "Lcl Translation", "Lcl Translation", "A+",4.4800,0.0000,-0.0000
			Property: "Lcl Rotation", "Lcl Rotation", "A+",-0.0380,0.0001,-0.0001
			Property: "Lcl Scaling", "Lcl Scaling", "A+",1.0,1.0,1.0
		}
		MultiLayer: 0
		MultiTake: 1
		Shading: Y
		Culling: "CullingOff"
		TypeFlags: "Skeleton"
	}
	Model: "Model::B-f_middle_03.R", "Limb" {
		Version: 232
		Properties60:  {
			Property: "QuaternionInterpolate", "bool", "",0
			Property: "Lcl Translation", "Lcl Translation", "A+",3.9024,-0.0000,0.0000
			Property: "Lcl Rotation", "Lcl Rotation", "A+",-0.3134,3.4570,-1.0354
			Property: "Lcl Scaling", "Lcl Scaling", "A+",1.0,1.0,1.0
		}
		MultiLayer: 0
		MultiTake: 1
		Shading: Y
		Culling: "CullingOff"
		TypeFlags: "Skeleton"
	}
	Model: "Model::B-palm_03.R", "Limb" {
		Version: 232
		Properties60:  {
			Property: "QuaternionInterpolate", "bool", "",0
			Property: "Lcl Translation", "Lcl Translation", "A+",6.9541,1.2301,-1.0943
			Property: "Lcl Rotation", "Lcl Rotation", "A+",8.8099,-8.9001,10.8610
			Property: "Lcl Scaling", "Lcl Scaling", "A+",1.0,1.0,1.0
		}
		MultiLayer: 0
		MultiTake: 1
		Shading: Y
		Culling: "CullingOff"
		TypeFlags: "Skeleton"
	}
	Model: "Model::B-f_ring_01.R", "Limb" {
		Version: 232
		Properties60:  {
			Property: "QuaternionInterpolate", "bool", "",0
			Property: "Lcl Translation", "Lcl Translation", "A+",6.3748,0.0000,0.0000
			Property: "Lcl Rotation", "Lcl Rotation", "A+",-7.7216,2.9305,9.6537
			Property: "Lcl Scaling", "Lcl Scaling", "A+",1.0,1.0,1.0
		}
		MultiLayer: 0
		MultiTake: 1
		Shading: Y
		Culling: "CullingOff"
		TypeFlags: "Skeleton"
	}
	Model: "Model::B-f_ring_02.R", "Limb" {
		Version: 232
		Properties60:  {
			Property: "QuaternionInterpolate", "bool", "",0
			Property: "Lcl Translation", "Lcl Translation", "A+",4.2007,0.0000,-0.0000
			Property: "Lcl Rotation", "Lcl Rotation", "A+",-0.2216,0.0001,0.0002
			Property: "Lcl Scaling", "Lcl Scaling", "A+",1.0,1.0,1.0
		}
		MultiLayer: 0
		MultiTake: 1
		Shading: Y
		Culling: "CullingOff"
		TypeFlags: "Skeleton"
	}
	Model: "Model::B-f_ring_03.R", "Limb" {
		Version: 232
		Properties60:  {
			Property: "QuaternionInterpolate", "bool", "",0
			Property: "Lcl Translation", "Lcl Translation", "A+",3.6591,-0.0000,0.0000
			Property: "Lcl Rotation", "Lcl Rotation", "A+",-0.9716,3.5013,-1.0393
			Property: "Lcl Scaling", "Lcl Scaling", "A+",1.0,1.0,1.0
		}
		MultiLayer: 0
		MultiTake: 1
		Shading: Y
		Culling: "CullingOff"
		TypeFlags: "Skeleton"
	}
	Model: "Model::B-palm_04.R", "Limb" {
		Version: 232
		Properties60:  {
			Property: "QuaternionInterpolate", "bool", "",0
			Property: "Lcl Translation", "Lcl Translation", "A+",6.1825,3.1491,-1.1929
			Property: "Lcl Rotation", "Lcl Rotation", "A+",-0.8073,-8.3537,19.4210
			Property: "Lcl Scaling", "Lcl Scaling", "A+",1.0,1.0,1.0
		}
		MultiLayer: 0
		MultiTake: 1
		Shading: Y
		Culling: "CullingOff"
		TypeFlags: "Skeleton"
	}
	Model: "Model::B-f_pinky_01.R", "Limb" {
		Version: 232
		Properties60:  {
			Property: "QuaternionInterpolate", "bool", "",0
			Property: "Lcl Translation", "Lcl Translation", "A+",5.9851,0.0000,-0.0000
			Property: "Lcl Rotation", "Lcl Rotation", "A+",5.4618,-3.9113,11.4215
			Property: "Lcl Scaling", "Lcl Scaling", "A+",1.0,1.0,1.0
		}
		MultiLayer: 0
		MultiTake: 1
		Shading: Y
		Culling: "CullingOff"
		TypeFlags: "Skeleton"
	}
	Model: "Model::B-f_pinky_02.R", "Limb" {
		Version: 232
		Properties60:  {
			Property: "QuaternionInterpolate", "bool", "",0
			Property: "Lcl Translation", "Lcl Translation", "A+",3.2778,-0.0000,0.0000
			Property: "Lcl Rotation", "Lcl Rotation", "A+",0.0025,-0.0006,0.0000
			Property: "Lcl Scaling", "Lcl Scaling", "A+",1.0,1.0,1.0
		}
		MultiLayer: 0
		MultiTake: 1
		Shading: Y
		Culling: "CullingOff"
		TypeFlags: "Skeleton"
	}
	Model: "Model::B-f_pinky_03.R", "Limb" {
		Version: 232
		Properties60:  {
			Property: "QuaternionInterpolate", "bool", "",0
			Property: "Lcl Translation", "Lcl Translation", "A+",2.8552,0.0000,0.0000
			Property: "Lcl Rotation", "Lcl Rotation", "A+",-1.8924,4.4180,-1.4889
			Property: "Lcl Scaling", "Lcl Scaling", "A+",1.0,1.0,1.0
		}
		MultiLayer: 0
		MultiTake: 1
		Shading: Y
		Culling: "CullingOff"
		TypeFlags: "Skeleton"
	}
	Model: "Model::B-thigh.L", "Limb" {
		Version: 232
		Properties60:  {
			Property: "QuaternionInterpolate", "bool", "",0
			Property: "Lcl Translation", "Lcl Translation", "A+",6.4631,-7.9628,0.5134
			Property: "Lcl Rotation", "Lcl Rotation", "A+",-0.6609,-178.5464,2.7656
			Property: "Lcl Scaling", "Lcl Scaling", "A+",1.0,1.0,1.0
		}
		MultiLayer: 0
		MultiTake: 1
		Shading: Y
		Culling: "CullingOff"
		TypeFlags: "Skeleton"
	}
	Model: "Model::B-shin.L", "Limb" {
		Version: 232
		Properties60:  {
			Property: "QuaternionInterpolate", "bool", "",0
			Property: "Lcl Translation", "Lcl Translation", "A+",46.7867,0.0000,0.0000
			Property: "Lcl Rotation", "Lcl Rotation", "A+",-0.5521,-2.1241,2.0566
			Property: "Lcl Scaling", "Lcl Scaling", "A+",1.0,1.0,1.0
		}
		MultiLayer: 0
		MultiTake: 1
		Shading: Y
		Culling: "CullingOff"
		TypeFlags: "Skeleton"
	}
	Model: "Model::B-foot.L", "Limb" {
		Version: 232
		Properties60:  {
			Property: "QuaternionInterpolate", "bool", "",0
			Property: "Lcl Translation", "Lcl Translation", "A+",37.3088,0.0000,-0.0000
			Property: "Lcl Rotation", "Lcl Rotation", "A+",-2.4092,59.2378,-1.0246
			Property: "Lcl Scaling", "Lcl Scaling", "A+",1.0,1.0,1.0
		}
		MultiLayer: 0
		MultiTake: 1
		Shading: Y
		Culling: "CullingOff"
		TypeFlags: "Skeleton"
	}
	Model: "Model::B-toe.L", "Limb" {
		Version: 232
		Properties60:  {
			Property: "QuaternionInterpolate", "bool", "",0
			Property: "Lcl Translation", "Lcl Translation", "A+",17.4869,0.0000,0.0000
			Property: "Lcl Rotation", "Lcl Rotation", "A+",179.7481,27.6985,4.2397
			Property: "Lcl Scaling", "Lcl Scaling", "A+",1.0,1.0,1.0
		}
		MultiLayer: 0
		MultiTake: 1
		Shading: Y
		Culling: "CullingOff"
		TypeFlags: "Skeleton"
	}
	Model: "Model::B-thigh.R", "Limb" {
		Version: 232
		Properties60:  {
			Property: "QuaternionInterpolate", "bool", "",0
			Property: "Lcl Translation", "Lcl Translation", "A+",6.4631,7.9628,0.5134
			Property: "Lcl Rotation", "Lcl Rotation", "A+",0.6609,-178.5464,-2.7656
			Property: "Lcl Scaling", "Lcl Scaling", "A+",1.0,1.0,1.0
		}
		MultiLayer: 0
		MultiTake: 1
		Shading: Y
		Culling: "CullingOff"
		TypeFlags: "Skeleton"
	}
	Model: "Model::B-shin.R", "Limb" {
		Version: 232
		Properties60:  {
			Property: "QuaternionInterpolate", "bool", "",0
			Property: "Lcl Translation", "Lcl Translation", "A+",46.7867,0.0000,0.0000
			Property: "Lcl Rotation", "Lcl Rotation", "A+",0.5521,-2.1241,-2.0566
			Property: "Lcl Scaling", "Lcl Scaling", "A+",1.0,1.0,1.0
		}
		MultiLayer: 0
		MultiTake: 1
		Shading: Y
		Culling: "CullingOff"
		TypeFlags: "Skeleton"
	}
	Model: "Model::B-foot.R", "Limb" {
		Version: 232
		Properties60:  {
			Property: "QuaternionInterpolate", "bool", "",0
			Property: "Lcl Translation", "Lcl Translation", "A+",37.3088,0.0000,-0.0000
			Property: "Lcl Rotation", "Lcl Rotation", "A+",2.4091,59.2378,1.0246
			Property: "Lcl Scaling", "Lcl Scaling", "A+",1.0,1.0,1.0
		}
		MultiLayer: 0
		MultiTake: 1
		Shading: Y
		Culling: "CullingOff"
		TypeFlags: "Skeleton"
	}
	Model: "Model::B-toe.R", "Limb" {
		Version: 232
		Properties60:  {
			Property: "QuaternionInterpolate", "bool", "",0
			Property: "Lcl Translation", "Lcl Translation", "A+",17.4869,0.0000,0.0000
			Property: "Lcl Rotation", "Lcl Rotation", "A+",-179.7483,27.6985,-4.2396
			Property: "Lcl Scaling", "Lcl Scaling", "A+",1.0,1.0,1.0
		}
		MultiLayer: 0
		MultiTake: 1
		Shading: Y
		Culling: "CullingOff"
		TypeFlags: "Skeleton"
	}
	Pose: "Pose::BIND_POSES", "BindPose" {
		Type: "BindPose"
		Version: 100
		Properties60:  {
		}
		NbPoseNodes: 68
		PoseNode:  {
			Node: "Model::Retargeters"
			Matrix: 1.000000000000000,0.000000000000000,0.000000000000000,0.000000000000000,0.000000000000000,1.000000000000000,0.000000043711388,0.000000000000000,0.000000000000000,-0.000000043711388,1.000000000000000,0.000000000000000,0.000000000000000,0.000000000000000,0.000000000000000,1.000000000000000
		}
		PoseNode:  {
			Node: "Model::LeftHandIK"
			Matrix: 1.000000000000000,0.000000000000000,0.000000000000000,0.000000000000000,0.000000000000000,1.000000000000000,0.000000000000000,0.000000000000000,0.000000000000000,0.000000000000000,1.000000000000000,0.000000000000000,0.000000000000000,0.000000000000000,0.000000000000000,1.000000000000000
		}
		PoseNode:  {
			Node: "Model::LeftHandProp"
			Matrix: 1.000000000000000,-0.000000087422769,-0.000000087422734,0.000000000000000,0.000000087422791,1.000000000000000,0.000000226493711,0.000000000000000,0.000000087422720,-0.000000250343476,1.000000000000000,0.000000000000000,0.000000000000000,0.000000004369643,-0.000000004369641,1.000000000000000
		}
		PoseNode:  {
			Node: "Model::RightHandIK"
			Matrix: 1.000000000000000,0.000000000000000,0.000000000000000,0.000000000000000,0.000000000000000,1.000000000000000,0.000000000000000,0.000000000000000,0.000000000000000,0.000000000000000,1.000000000000000,0.000000000000000,0.000000000000000,0.000000000000000,0.000000000000000,1.000000000000000
		}
		PoseNode:  {
			Node: "Model::RightHandProp"
			Matrix: 1.000000000000000,-0.000000087422769,-0.000000087422769,0.000000000000000,0.000000087422769,1.000000000000000,-0.000000011924868,0.000000000000000,0.000000087422777,-0.000000011924875,1.000000000000000,0.000000000000000,0.000000000000000,0.000000004369643,-0.000000004369641,1.000000000000000
		}
		PoseNode:  {
			Node: "Model::DummyRig"
			Matrix: 1.000000000000000,0.000000000000000,0.000000000000000,0.000000000000000,0.000000000000000,1.000000000000000,0.000000043711388,0.000000000000000,0.000000000000000,-0.000000043711388,1.000000000000000,0.000000000000000,0.000000017478568,0.000000000000000,-0.000000004369642,1.000000000000000
		}
		PoseNode:  {
			Node: "Model::root"
			Matrix: 0.000000075497901,0.000000174845553,-1.000000000000000,0.000000000000000,-1.000000000000000,0.000000087422784,-0.000000075497887,0.000000000000000,0.000000087422769,1.000000000000000,0.000000162920685,0.000000000000000,0.000000017478568,0.000000000000000,-0.000000004369642,1.000000000000000
		}
		PoseNode:  {
			Node: "Model::B-hips"
			Matrix: 0.000000075497880,0.999672472476959,0.025595091283321,0.000000000000000,-1.000000000000000,0.000000075473132,0.000000001932370,0.000000000000000,-0.000000000000016,-0.025595242157578,0.999672472476959,0.000000000000000,0.000000017478568,88.761856079101562,-4.373978614807129,1.000000000000000
		}
		PoseNode:  {
			Node: "Model::B-spine"
			Matrix: 0.000000075497901,0.995092988014221,0.098945714533329,0.000000000000000,-1.000000000000000,0.000000075127410,0.000000007470204,0.000000000000000,0.000000000000000,-0.098945863544941,0.995092928409576,0.000000000000000,0.000000017478184,106.747398376464844,-3.913486003875732,1.000000000000000
		}
		PoseNode:  {
			Node: "Model::B-chest"
			Matrix: 0.000000075497901,0.995309591293335,-0.096742644906044,0.000000000000000,-1.000000000000000,0.000000075143767,-0.000000007303856,0.000000000000000,0.000000000000000,0.096742510795593,0.995309531688690,0.000000000000000,0.000000017478184,121.720993041992188,-2.424607276916504,1.000000000000000
		}
		PoseNode:  {
			Node: "Model::B-upperChest"
			Matrix: 0.000000075497901,0.999487221240997,-0.032023288309574,0.000000000000000,-1.000000000000000,0.000000075459170,-0.000000002417681,0.000000000000000,0.000000000000000,0.032023146748543,0.999487161636353,0.000000000000000,0.000000017478184,135.906951904296875,-3.803461790084839,1.000000000000000
		}
		PoseNode:  {
			Node: "Model::B-neck"
			Matrix: 0.000000075497901,0.983930647373199,0.178551390767097,0.000000000000000,-1.000000000000000,0.000000074284678,0.000000013480266,0.000000000000000,-0.000000000000000,-0.178551539778709,0.983930647373199,0.000000000000000,0.000000017478184,156.723999023437500,-4.470434188842773,1.000000000000000
		}
		PoseNode:  {
			Node: "Model::B-head"
			Matrix: 0.000000075497901,0.998505830764771,0.054646484553814,0.000000000000000,-1.000000000000000,0.000000075385074,0.000000004125706,0.000000000000000,-0.000000000000000,-0.054646633565426,0.998505771160126,0.000000000000000,0.000000017478184,163.427795410156250,-3.253913164138794,1.000000000000000
		}
		PoseNode:  {
			Node: "Model::B-jaw"
			Matrix: 0.000000075497901,-0.269735157489777,0.962934553623199,0.000000000000000,-1.000000000000000,-0.000000020364460,0.000000072699542,0.000000000000000,0.000000000000000,-0.962934613227844,-0.269734829664230,0.000000000000000,0.000000017478184,163.427993774414062,-3.253914117813110,1.000000000000000
		}
		PoseNode:  {
			Node: "Model::B-shoulder.L"
			Matrix: 0.970456957817078,-0.153743490576744,-0.185946762561798,0.000000000000000,-0.188106983900070,0.000504469207954,-0.982148468494415,0.000000000000000,0.151092723011971,0.988110661506653,-0.028430791571736,0.000000000000000,0.000000017478184,156.723999023437500,-4.470434188842773,1.000000000000000
		}
		PoseNode:  {
			Node: "Model::B-upper_arm.L"
			Matrix: 0.963465929031372,-0.247450783848763,-0.102476842701435,0.000000000000000,0.242588952183723,0.968414306640625,-0.057658523321152,0.000000000000000,0.113507643342018,0.030692143365741,0.993063032627106,0.000000000000000,16.481105804443359,147.150024414062500,-7.436565876007080,1.000000000000000
		}
		PoseNode:  {
			Node: "Model::B-forearm.L"
			Matrix: 0.917128026485443,-0.212476998567581,0.337238401174545,0.000000000000000,0.227117970585823,0.973858773708344,-0.004073488526046,0.000000000000000,-0.327557027339935,0.080328688025475,0.941410541534424,0.000000000000000,40.903953552246094,140.877410888671875,-10.034246444702148,1.000000000000000
		}
		PoseNode:  {
			Node: "Model::B-hand.L"
			Matrix: 0.903915226459503,-0.133880078792572,0.406218618154526,0.000000000000000,-0.393578112125397,0.111430779099464,0.912512719631195,0.000000000000000,-0.167432457208633,-0.984712898731232,0.048031836748123,0.000000000000000,66.710685729980469,134.898605346679688,-0.544816792011261,1.000000000000000
		}
		PoseNode:  {
			Node: "Model::B-palm_01.L"
			Matrix: 0.872291386127472,-0.207392543554306,0.442827761173248,0.000000000000000,-0.422686308622360,0.135521441698074,0.896086037158966,0.000000000000000,-0.245854154229164,-0.968825340270996,0.030552325770259,0.000000000000000,71.833045959472656,133.915313720703125,5.617527961730957,1.000000000000000
		}
		PoseNode:  {
			Node: "Model::B-f_index_01.L"
			Matrix: 0.871776521205902,-0.240288421511650,0.426928043365479,0.000000000000000,-0.407379746437073,0.128485873341560,0.904175341129303,0.000000000000000,-0.272117018699646,-0.962160706520081,0.014122451655567,0.000000000000000,77.856765747070312,132.483139038085938,8.675532341003418,1.000000000000000
		}
		PoseNode:  {
			Node: "Model::B-f_index_02.L"
			Matrix: 0.871774852275848,-0.240294784307480,0.426927834749222,0.000000000000000,-0.405979603528976,0.133414834737778,0.904091298580170,0.000000000000000,-0.274206846952438,-0.961488068103790,0.018753046169877,0.000000000000000,81.587944030761719,131.454711914062500,10.502772331237793,1.000000000000000
		}
		PoseNode:  {
			Node: "Model::B-f_index_03.L"
			Matrix: 0.876720488071442,-0.179822847247124,0.446122169494629,0.000000000000000,-0.429571419954300,0.124557122588158,0.894401431083679,0.000000000000000,-0.216401487588882,-0.975781619548798,0.031955160200596,0.000000000000000,84.838066101074219,130.558853149414062,12.094430923461914,1.000000000000000
		}
		PoseNode:  {
			Node: "Model::B-thumb_01.L"
			Matrix: 0.016713002696633,-0.314428567886353,0.949134051799774,0.000000000000000,-0.505941152572632,-0.821427285671234,-0.263212770223618,0.000000000000000,0.862406194210052,-0.475806951522827,-0.172810643911362,0.000000000000000,69.088737487792969,133.770263671875000,3.262621164321899,1.000000000000000
		}
		PoseNode:  {
			Node: "Model::B-thumb_02.L"
			Matrix: -0.232167527079582,-0.331765949726105,0.914346575737000,0.000000000000000,-0.909460425376892,-0.259316444396973,-0.325018405914307,0.000000000000000,0.344935119152069,-0.907020807266235,-0.241522893309593,0.000000000000000,69.184593200683594,131.966888427734375,8.706287384033203,1.000000000000000
		}
		PoseNode:  {
			Node: "Model::B-thumb_03.L"
			Matrix: -0.255531698465347,-0.265175849199295,0.929723322391510,0.000000000000000,-0.900284290313721,-0.285265624523163,-0.328803867101669,0.000000000000000,0.352408915758133,-0.921035170555115,-0.165839031338692,0.000000000000000,68.089714050292969,130.402313232421875,13.018253326416016,1.000000000000000
		}
		PoseNode:  {
			Node: "Model::B-palm_02.L"
			Matrix: 0.920087277889252,-0.243785843253136,0.306607365608215,0.000000000000000,-0.296742796897888,0.077159211039543,0.951835155487061,0.000000000000000,-0.255701482295990,-0.966754972934723,-0.001348355202936,0.000000000000000,73.134925842285156,134.394226074218750,3.663986921310425,1.000000000000000
		}
		PoseNode:  {
			Node: "Model::B-f_middle_01.L"
			Matrix: 0.941284298896790,-0.212466761469841,0.262377053499222,0.000000000000000,-0.255630999803543,0.059129465371370,0.964964568614960,0.000000000000000,-0.220537081360817,-0.975377857685089,0.001344683929347,0.000000000000000,79.066207885742188,132.822677612304688,5.640511035919189,1.000000000000000
		}
		PoseNode:  {
			Node: "Model::B-f_middle_02.L"
